3630632.21	0.363457	0.316065	0.320478
3703244.85	0.363979	0.315587	0.320434
3775857.50	0.364494	0.315093	0.320413
3848470.14	0.364987	0.314584	0.320429
3921082.78	0.365353	0.314153	0.320494
3993695.43	0.365723	0.313904	0.320372
4066308.07	0.366090	0.313489	0.320421
4138920.72	0.366449	0.313071	0.320480
4211533.36	0.366828	0.312551	0.320622
4284146.01	0.367162	0.312090	0.320749
4356758.65	0.367474	0.311632	0.320895
4429371.29	0.367760	0.311158	0.321082
4501983.94	0.368021	0.310685	0.321294
4574596.58	0.368194	0.310282	0.321524
4647209.23	0.368373	0.309821	0.321806
4719821.87	0.368489	0.309372	0.322139
4792434.51	0.368727	0.308976	0.322297
4865047.16	0.368820	0.308644	0.322536
4937659.80	0.368892	0.308356	0.322752
5010272.45	0.369051	0.307771	0.323178
5082885.09	0.369175	0.307038	0.323787
5155497.74	0.369120	0.306596	0.324284
5228110.38	0.369071	0.306177	0.324752
5300723.02	0.368981	0.305750	0.325270
5373335.67	0.368883	0.305329	0.325788
5445948.31	0.368691	0.304916	0.326393
5518560.96	0.368538	0.304543	0.326920
5591173.60	0.368269	0.304144	0.327587
5663786.24	0.368022	0.303821	0.328157
5736398.89	0.367697	0.303510	0.328793
5809011.53	0.367293	0.303180	0.329527
5881624.18	0.366788	0.302942	0.330269
5954236.82	0.366420	0.302588	0.330992
6026849.47	0.365773	0.302473	0.331754
6099462.11	0.362539	0.304268	0.333192
6172074.75	0.365142	0.301826	0.333032
6244687.40	0.364540	0.301541	0.333919
6317300.04	0.363897	0.301319	0.334784
6389912.69	0.363263	0.301199	0.335538
6462525.33	0.362347	0.300653	0.337000
6535137.97	0.361349	0.301064	0.337587
6607750.62	0.360252	0.302793	0.336955
6680363.26	0.358831	0.303411	0.337757
6752975.91	0.358389	0.304067	0.337544
6825588.55	0.357407	0.304258	0.338335
6898201.20	0.356322	0.304766	0.338911
6970813.84	0.354873	0.306353	0.338774
7043426.48	0.353195	0.307305	0.339499
7116039.13	0.350671	0.311718	0.337611
7188651.77	0.347620	0.311686	0.340694
7261264.42	0.347620	0.311686	0.340694
